# Created at Thu Feb 25 12:08:31 GMT+01:00 2021
1516280260686842 2.000000
1516280940686842 3.000000
1516281500686842 4.000000
1516282220686842 5.000000
1516282860686842 6.000000
1516283460686842 7.000000
1516284040686842 8.000000
1516284640686842 9.000000
1516285120686842 10.000000
1516285800686842 11.000000
1516286320686842 12.000000
1516289360686842 13.000000
1516289640686842 14.000000
1516290200686842 15.000000
1516290840686842 16.000000
1516291120686842 17.000000
1516291920686842 18.000000
1516292600686842 19.000000
1516294960686842 20.000000
1516295480686842 21.000000
1516296080686842 22.000000
1516296560686842 23.000000
1516297200686842 24.000000
1516297760686842 25.000000
1516298320686842 26.000000
1516298920686842 27.000000
1516299440686842 28.000000
1516300160686842 29.000000
1516317860686842 30.000000
1516319060686842 31.000000
1516319620686842 32.000000
1516320180686842 33.000000
1516321180686842 34.000000
1516321800686842 35.000000
1516322320686842 36.000000
1516322760686842 37.000000
1516323280686842 38.000000
1516323800686842 39.000000
1516324320686842 40.000000
1516336540687341 41.000000
1516337660687341 42.000000
1516338780687341 43.000000
1516339220687341 44.000000
1516339860687341 45.000000
1516340980687341 46.000000
1516341420687341 47.000000
1516341920687341 48.000000
1516342440687341 49.000000
1516342960687341 50.000000
1516343480687341 51.000000
1516355240687341 52.000000
1516355840687341 53.000000
1516356440687341 54.000000
1516357040687341 55.000000
1516357600687341 56.000000
1516358160687341 57.000000
1516358520687341 58.000000
1516359280687341 59.000000
1516359760687341 60.000000
1516360400687341 61.000000
1516360840687341 62.000000
1516361480687341 63.000000
1516362040687341 64.000000
1516362600687341 65.000000
1516363080687341 66.000000
1516363680687341 67.000000
1516364240687341 68.000000
1516364800687341 69.000000
1516365320687341 70.000000
1516365800687341 71.000000
1516366440687341 72.000000
1516366880687341 73.000000
1516367520687341 74.000000
1516368080687341 75.000000
1516368520687341 76.000000
1516369040687341 77.000000
1516369560687341 78.000000
1516370120687341 79.000000
1516370760687341 80.000000
1516371240687341 81.000000
1516371760687341 82.000000
1516372320687341 83.000000
1516372920687341 84.000000
1516373440687341 85.000000
1516373920687341 86.000000
1516374480687341 87.000000
1516375040687341 88.000000
1516375680687341 89.000000
1516376200687341 90.000000
1516376680687341 91.000000
1516377200687341 92.000000
1516377720687341 93.000000
1516378240687341 94.000000
1516378760687341 95.000000
1516379360687341 96.000000
1516379920687341 97.000000
1516380440687341 98.000000
1516381000687341 99.000000
1516381480687341 100.000000
1516382000687341 101.000000
1516382520687341 102.000000
1516383040687341 103.000000
1516383600687341 104.000000
1516384120687341 105.000000
1516384640687341 106.000000
1516385160687341 107.000000
1516385680687341 108.000000
1516386200687341 109.000000
1516386720687341 110.000000
1516387780687009 111.000000
1516388340687009 112.000000
1516388860687009 113.000000
1516389380687009 114.000000
1516389900687009 115.000000
1516390500687009 116.000000
1516394020687009 117.000000
1516394540687009 118.000000
1516395140687009 119.000000
1516395780687009 120.000000
1516396820687009 121.000000
1516397340687009 122.000000
1516398620687009 123.000000
1516399040687009 124.000000
1516399600687009 125.000000
1516400200687009 126.000000
1516400720687009 127.000000
1516401320687009 128.000000
1516401880687009 129.000000
1516402440687009 130.000000
1516402960687009 131.000000
1516403520687009 132.000000
1516403960687009 133.000000
1516404640687009 134.000000
1516405160687009 135.000000
1516405640687009 136.000000
1516406200687009 137.000000
1516406760687009 138.000000
1516407360687009 139.000000
1516407840687009 140.000000
1516408480687009 141.000000
1516408920687009 142.000000
1516409480687009 143.000000
1516410000687009 144.000000
1516410640687009 145.000000
1516411120687009 146.000000
1516411760687009 147.000000
1516412320687009 148.000000
1516412840687009 149.000000
1516413480687009 150.000000
1516414160687009 151.000000
