# Created at Wed Dec 22 14:10:34 GMT+01:00 2021
227924669706376 27.000000
227926069706376 28.000000
227926889704893 29.000000
227927769704893 30.000000
227930449704893 31.000000
227931649704893 32.000000
227935349704893 33.000000
227935909704893 34.000000
227936389704893 35.000000
227936949704893 36.000000
227937469704893 37.000000
227938109704893 38.000000
227938629704893 39.000000
227939149704893 40.000000
227939669704893 41.000000
227940189704893 42.000000
227940709704893 43.000000
227941229704893 44.000000
227941709704893 45.000000
227942269704893 46.000000
227942749704893 47.000000
227943269704893 48.000000
227943749704893 49.000000
227944269704893 50.000000
227944749704893 51.000000
227945309704893 52.000000
227945789704893 53.000000
227946269704893 54.000000
227946749704893 55.000000
227947309704893 56.000000
227947789704893 57.000000
227948269704893 58.000000
227948789704893 59.000000
227949309704893 60.000000
227949789704893 61.000000
227950309704893 62.000000
227950789704893 63.000000
227951309704893 64.000000
227951829704893 65.000000
227952309704893 66.000000
227952829704893 67.000000
227953389704893 68.000000
227953869704893 69.000000
227954389704893 70.000000
227954909704893 71.000000
227955389704893 72.000000
227955909704893 73.000000
227956429704893 74.000000
227956909704893 75.000000
227957429704893 76.000000
227957909704893 77.000000
227958429704893 78.000000
227958909704893 79.000000
227959429704893 80.000000
227959909704893 81.000000
227960429704893 82.000000
227960949704893 83.000000
227961429704893 84.000000
227961949704893 85.000000
227962469704893 86.000000
227962949704893 87.000000
227963429704893 88.000000
227963949704893 89.000000
227964469704893 90.000000
227964949704893 91.000000
227965469704893 92.000000
227965909704893 93.000000
227966429704893 94.000000
227966949704893 95.000000
227967429704893 96.000000
227967909704893 97.000000
227968429704893 98.000000
227968949704893 99.000000
227969429704893 100.000000
227969909704893 101.000000
227970389704893 102.000000
227970909704893 103.000000
227971429704893 104.000000
227971909704893 105.000000
227972429704893 106.000000
227972909704893 107.000000
227973429704893 108.000000
227973909704893 109.000000
227974429704893 110.000000
227974909704893 111.000000
227975429704893 112.000000
227975909704893 113.000000
227976429704893 114.000000
227976949704893 115.000000
227977429704893 116.000000
227977989704893 117.000000
227978469704893 118.000000
227978989704893 119.000000
227979509704893 120.000000
227979989704893 121.000000
227980509704893 122.000000
227981029704893 123.000000
227981549704893 124.000000
227982029705291 125.000000
227982549705291 126.000000
227983029705291 127.000000
227983589705291 128.000000
227984109705291 129.000000
227984589705291 130.000000
227985109705291 131.000000
227985629705291 132.000000
227986109705291 133.000000
227986669705291 134.000000
227987149705291 135.000000
227987669705291 136.000000
227988149705291 137.000000
227988629705291 138.000000
227989149705291 139.000000
227989629705291 140.000000
227990149705291 141.000000
227990669705291 142.000000
227991149705291 143.000000
227991669705291 144.000000
227992189705291 145.000000
227992669705291 146.000000
227993149705291 147.000000
227993669705291 148.000000
227994189705291 149.000000
227994669705291 150.000000
227995189705291 151.000000
227995709705291 152.000000
227996189705291 153.000000
227996709705291 154.000000
227997189705291 155.000000
227997709705291 156.000000
227998229705291 157.000000
227998709705291 158.000000
227999229705291 159.000000
227999749705291 160.000000
228000269705291 161.000000
228000789705291 162.000000
228001269705291 163.000000
228001789705291 164.000000
228002269705291 165.000000
228002789705291 166.000000
228003309705291 167.000000
228003789705291 168.000000
228004309705291 169.000000
228004869705291 170.000000
228005349705291 171.000000
228005829705291 172.000000
228006389705291 173.000000
228006909705291 174.000000
228007389705291 175.000000
228007909705291 176.000000
228008389705291 177.000000
228008909705291 178.000000
228009429705291 179.000000
228009949705291 180.000000
228010429705291 181.000000
228010949705291 182.000000
228011469705291 183.000000
228011989705291 184.000000
228012509705291 185.000000
228013029705291 186.000000
228013549705291 187.000000
228014069705291 188.000000
228014589705291 189.000000
228015109705291 190.000000
228015589705291 191.000000
228016109705291 192.000000
228016629705291 193.000000
228017109705291 194.000000
228017629705291 195.000000
228018149705291 196.000000
228018669705291 197.000000
228019189705291 198.000000
228019749705291 199.000000
228020269705291 200.000000
228020869705291 201.000000
228021389705291 202.000000
228021909705291 203.000000
228022469705291 204.000000
228022949705291 205.000000
228023509705291 206.000000
228024029705291 207.000000
228024549705291 208.000000
228025029705291 209.000000
228025589705291 210.000000
228026069705291 211.000000
228026589705291 212.000000
228027069705291 213.000000
228027629705291 214.000000
228028149705291 215.000000
228028669705291 216.000000
228029149705291 217.000000
228029669705291 218.000000
228030229705291 219.000000
228030749705291 220.000000
228031269705291 221.000000
228031789705291 222.000000
228032269705291 223.000000
228032789705291 224.000000
228033349705291 225.000000
228033829705291 226.000000
228034309705291 227.000000
228034829705291 228.000000
228035389705291 229.000000
228035909705291 230.000000
228036429705291 231.000000
228036949704800 232.000000
228037469704800 233.000000
228037949704800 234.000000
228038469704800 235.000000
228038989704800 236.000000
228039469704800 237.000000
228039989704800 238.000000
228040469704800 239.000000
228041029704800 240.000000
228041509704800 241.000000
228041989704800 242.000000
228042509704800 243.000000
228043029704800 244.000000
228043509704800 245.000000
228043989704800 246.000000
228044509704800 247.000000
228045029704800 248.000000
228045509704800 249.000000
228046029704800 250.000000
228046549704800 251.000000
228047069704800 252.000000
228047549704800 253.000000
228048069704800 254.000000
228048589704800 255.000000
228049109704800 256.000000
228049589704800 257.000000
228050109704800 258.000000
228050589704800 259.000000
228051109704800 260.000000
228051589704800 261.000000
228052069704800 262.000000
228052589704800 263.000000
228053109704800 264.000000
228053589704800 265.000000
228054069704800 266.000000
228054589704800 267.000000
228055109704800 268.000000
228055589704800 269.000000
228056109704800 270.000000
228056589704800 271.000000
228057069704800 272.000000
228057589704800 273.000000
228058109704800 274.000000
228058589704800 275.000000
228059109704800 276.000000
228059589704800 277.000000
228060109704800 278.000000
228060589704800 279.000000
228061069704800 280.000000
228061589704800 281.000000
228062069704800 282.000000
228062589704800 283.000000
228063069704800 284.000000
228063549704800 285.000000
228064069704800 286.000000
228064549704800 287.000000
228065069704800 288.000000
228065549704800 289.000000
228066029704800 290.000000
228066549704800 291.000000
228067029704800 292.000000
228067549704800 293.000000
228067989704800 294.000000
228068509704800 295.000000
228068989704800 296.000000
228069509704800 297.000000
228069989704800 298.000000
228070509704800 299.000000
228071029704800 300.000000
228071549704800 301.000000
228072029704800 302.000000
228072549704800 303.000000
