references.txt

timestamp Reference timestamp when clicked.
http://TODO

elapsed-time-system
2.958 0.0 0.0
6.832 0.0 0.0
12.168 0.0 0.0
19.121 0.0 0.0
24.902 0.0 0.0
30.264 0.0 0.0
35.023 0.0 0.0
40.773 0.0 0.0
45.718 0.0 0.0
50.080 0.0 0.0
53.664 0.0 0.0
58.319 0.0 0.0
60.609 0.0 0.0
66.009 0.0 0.0
73.295 0.0 0.0
79.222 0.0 0.0
83.950 0.0 0.0
89.852 0.0 0.0
95.725 0.0 0.0
99.057 0.0 0.0
102.831 0.0 0.0
105.566 0.0 0.0
110.897 0.0 0.0
116.278 0.0 0.0
123.349 0.0 0.0
129.330 0.0 0.0
133.673 0.0 0.0
136.483 0.0 0.0
